# level = Back and Forth3
1 0.01656686 0.00 -2.55 0.00
     0.01656686 0.00 -2.55 0.00
     0.02000000 0.00 -2.55 0.00
     0.01656716 0.00 -2.55 0.00
     0.01656716 0.00 -2.55 0.00
     0.01656716 0.00 -2.55 0.00
     0.01656596 0.00 -2.55 0.00
     0.01656656 0.00 -2.55 0.00
     0.01656716 0.00 -2.55 0.00
     0.01656656 0.00 -2.55 0.00
     0.01656656 0.00 -2.55 0.00
     0.01656686 0.00 -2.55 0.00
     0.01656656 0.00 -2.55 0.00
     0.01656656 0.00 -2.55 0.00
     0.01656686 0.00 -2.55 0.00
     0.01656656 0.00 -2.55 0.00
     0.01656656 0.00 -2.55 0.00
     0.01656686 0.00 -2.55 0.00
     0.01656656 0.00 -2.55 0.00
     0.01656656 0.00 -2.55 0.00
     0.01656656 0.00 -2.55 0.00
     0.01656686 0.00 -2.55 0.00
     0.01656686 0.00 -2.55 0.00
     0.01656626 0.00 -2.55 0.00
     0.01656686 0.00 -2.55 0.00
     0.01656656 0.00 -2.55 0.00
     0.01656686 0.00 -2.55 0.00
     0.01656656 0.00 -2.55 0.00
     0.01656656 0.00 -2.55 0.00
     0.01656656 0.00 -2.55 0.00
     0.01656656 0.00 -2.55 0.00
     0.01656686 0.00 -2.55 0.00
     0.01656656 0.00 -2.55 0.00
     0.01656716 0.00 -2.55 0.00
     0.01656656 0.00 -2.55 0.00
     0.01656656 0.00 -2.55 0.00
     0.01656656 0.00 -2.55 0.00
     0.01656686 0.00 -2.55 0.00
     0.01656656 0.00 -2.55 0.00
     0.01656686 0.00 -2.55 0.00
     0.01656656 0.00 -2.55 0.00
     0.01656656 0.00 -2.55 0.00
     0.01656656 0.00 -2.55 0.00
     0.01656686 0.00 -2.55 0.00
     0.01656626 0.00 -2.55 0.00
     0.01656716 0.00 -2.55 0.00
     0.01656656 0.00 -2.55 0.00
     0.01656656 0.00 -2.55 0.00
     0.01656988 0.00 -2.55 0.00
     0.01656324 0.00 -2.55 0.00
     0.01656716 0.00 -2.55 0.00
     0.01656626 0.00 -2.55 0.00
     0.01656686 0.00 -2.55 0.00
     0.01656686 0.00 -2.55 0.00
     0.01656626 0.00 -2.55 0.00
     0.01656686 0.00 -2.55 0.00
     0.01656656 0.00 -2.55 0.00
     0.01656686 0.00 -2.55 0.00
     0.01656656 0.00 -2.55 0.00
     0.01656686 0.00 -2.55 0.00
     0.01656656 0.00 -2.55 0.00
     0.01656686 0.00 -2.55 0.00
     0.01656656 0.00 -2.55 0.00
     0.01656656 0.00 -2.55 0.00
     0.01656686 0.00 -2.55 0.00
     0.01656626 0.00 -2.55 0.00
     0.01656686 0.00 -2.55 0.00
     0.01656656 0.00 -2.55 0.00
     0.01659463 0.00 -2.55 0.00
     0.01653849 0.00 -2.55 0.00
     0.01656686 0.00 -2.55 0.00
     0.01656656 0.00 -2.55 0.00
     0.01656656 0.00 -2.55 0.00
     0.01656716 0.00 -2.55 0.00
     0.01656626 0.00 -2.55 0.00
     0.01656656 0.00 -2.55 0.00
     0.01656716 0.00 -2.55 0.00
     0.01656626 0.00 -2.55 0.00
     0.01656686 0.00 -2.55 0.00
     0.01663115 0.00 -2.55 0.00
     0.01650226 0.00 -2.55 0.00
     0.01656686 0.00 -2.55 0.00
     0.01656656 0.00 -2.55 0.00
     0.01656656 0.00 -2.55 0.00
     0.01656656 0.00 -2.55 0.00
     0.01656656 0.00 -2.55 0.00
     0.01656686 0.00 -2.55 0.00
     0.01656746 0.00 -2.55 0.00
     0.01656596 0.00 -2.55 0.00
     0.01656656 0.00 -2.55 0.00
     0.01656686 0.00 -2.55 0.00
     0.01656656 0.00 -2.55 0.00
     0.01656686 0.00 -2.55 0.00
     0.01656626 0.00 -2.55 0.00
     0.01656686 0.00 -2.55 0.00
     0.01656686 0.00 -2.55 0.00
     0.01656656 0.00 -2.55 0.00
     0.01656626 0.00 -2.55 0.00
     0.01656716 0.00 -2.55 0.00
     0.01656626 0.00 -2.55 0.00
     0.01656686 0.00 -2.55 0.00
     0.01656656 0.00 -2.55 0.00
     0.01656656 0.00 -2.55 0.00
     0.01656686 0.00 -2.55 0.00
     0.01656656 0.00 -2.55 0.00
     0.01656656 0.00 -2.55 0.00
     0.01656686 0.00 -2.55 0.00
